Reading Excel file: C:\dev\valor-2\SmartOffice Reports\Valor 2026 Commissions by Policy.xlsx

=== EXCEL FILE ANALYSIS ===
Total data rows with policy number and amount: 610
Unique policy numbers: 109

=== All Unique Policy Numbers ===
1. 3-218-810W
2. 3-218-811W
3. 3-219-968W
4. 3301053981
5. 4240151722
6. 4250123582
7. 4250124860
8. 4250124861
9. 4250131636
10. 4250131637
11. 4250141439
12. 4250141482
13. 4250147777
14. 4250151967
15. 4250153708
16. 4250155311
17. 4250157450
18. 4250157451
19. 4250158046
20. 4250160528
21. 4250160529
22. 4250162740
23. 4250163312
24. 4250165204
25. 4250166030
26. 4250166281
27. 4250166307
28. 4250166330
29. 4250167384
30. 4250167385
31. 4250168743
32. 4250169888
33. 4250169889
34. 4250169899
35. 4260000078
36. 4260000599
37. 4260000735
38. 4260001099
39. 4260001100
40. 4260001107
41. 4260001287
42. 4260001293
43. 4260001970
44. 4260001978
45. 4260002217
46. 4260002316
47. 4260002317
48. 4260003371
49. 4260003387
50. 4260004096
51. 4260004358
52. 4260005044
53. 4260005614
54. 4260005615
55. 4260006285
56. 4260006638
57. 4260006897
58. 4260006898
59. 4260007152
60. 4260007916
61. 4260009842
62. 4260012675
63. 4260012676
64. 4260014083
65. 4260016517
66. 4260016543
67. 4260018855
68. 4260018957
69. 4260018958
70. 4260018976
71. 4260018989
72. 4260019980
73. 4260029670
74. 4260034417
75. 4260035396
76. 4260036765
77. 42805186
78. 6260013332
79. 6260046262
80. 6602321961
81. BU6264929
82. BU6329880
83. BU6358910
84. BU6362557
85. CM5201024U
86. LB09312778
87. LB09316975
88. LB09321479
89. LB09327286
90. LS216627200
91. LS224252500
92. LS798421600
93. LS798865500
94. LS800585500
95. LS800930100
96. LS801485000
97. LS801485700
98. LS801762200
99. LS801765700
100. LS801801500
101. LS801803000
102. LS802676500
103. LS802770400
104. LS802770900
105. LS802777100
106. LS803069200
107. N1142668
108. ST11182201
109. ST11722511
